updated_at,users,statuses
2023-01-06 15:20,2,11
2023-01-06 18:23,2,11
2023-01-06 21:16,2,12
2023-01-07 01:35,2,13
2023-01-07 04:11,2,13
2023-01-07 06:21,2,13
2023-01-07 09:16,2,13
2023-01-07 12:32,2,13
2023-01-07 15:18,2,18
2023-01-07 18:21,2,18
2023-01-07 21:15,2,18
2023-01-08 01:41,2,18
2023-01-08 03:19,2,18
2023-01-08 09:17,2,18
2023-01-08 12:33,2,19
2023-01-08 15:18,2,19
2023-01-08 18:21,2,20
2023-01-08 21:15,2,20
2023-01-09 01:35,2,21
2023-01-09 03:20,2,21
2023-01-09 06:24,2,21
2023-01-09 09:20,2,23
2023-01-09 12:37,2,23
2023-01-09 15:26,2,23
2023-01-09 18:24,2,23
2023-01-09 21:17,2,23
2023-01-10 01:40,2,26
2023-01-10 03:20,2,26
2023-01-10 06:24,2,26
2023-01-10 09:19,2,26
2023-01-10 12:38,2,26
2023-01-10 15:26,2,26
2023-01-10 18:23,2,26
2023-01-10 21:17,2,26
2023-01-11 01:39,2,26
2023-01-11 03:19,2,26
2023-01-11 06:23,2,26
2023-01-11 09:22,2,26
2023-01-11 12:37,2,27
2023-01-11 15:34,2,28
2023-01-11 18:28,2,28
2023-01-11 21:17,2,28
2023-01-12 01:38,2,28
